399
400
327
280
243
454
425
170
187
141
411
347
82
47
367
152
15
17
200
479
75
499
22
248
482
286
34
128
108
32
20
54
419
283
132
384
231
359
299
486
349
184
248
402
282
370
84
349
8
404
381
326
472
246
454
76
449
83
187
303
404
172
211
221
34
375
146
220
352
444
391
307
62
204
67
499
208
186
435
294
231
388
98
191
378
131
205
75
341
393
451
235
260
344
500
61
444
454
168
311
206
289
66
494
293
281
342
169
382
379
206
311
467
30
38
338
297
62
299
498
245
304
317
115
21
492
303
264
243
216
188
157
306
25
453
360
167
271
384
417
388
289
375
22
291
10
376
414
98
415
452
69
325
128
453
44
279
163
38
292
103
112
87
402
178
15
228
246
450
312
466
102
68
64
434
451
93
40
75
50
314
452
122
19
421
415
417
496
28
391
368
83
22
285
429
451
68
445
21
143
345
340
4
264
59
3
155
399
374
131
106
61
346
322
4
179
253
252
49
184
137
494
449
312
196
330
483
371
407
373
235
370
121
40
89
44
377
113
140
477
323
55
393
482
67
418
344
379
103
60
126
217
356
394
94
419
94
108
454
142
340
481
334
26
47
99
291
242
367
366
373
405
310
418
378
114
339
192
269
384
188
96
11
318
268
290
100
219
111
137
254
490
263
204
364
102
23
3
338
360
449
46
407
380
69
363
495
25
432
147
95
191
7
190
394
311
357
282
446
173
390
288
97
131
231
164
166
27
94
354
92
82
235
366
446
390
77
376
305
336
243
102
56
241
143
425
134
440
399
168
242
256
317
406
278
160
250
476
357
149
435
267
350
315
256
397
151
341
268
22
126
167
302
492
469
167
113
425
407
494
480
11
93
192
111
44
299
31
9
103
121
351
297
29
129
454
109
361
100
258
66
165
112
222
408
121
479
23
435
171
156
422
324
19
314
37
14
417
315
326
273
95
301
201
364
97
37
108
86
307
79
460
54
453
441
319
484
64
213
452
477
321
399
306
84
460
251
201
204
273
390
281
145
149
440
98
447
402
18
450
390
293
273
392
40
476
87
57
194
29
224
296
246
279
35
317
280
286
19
489
154
31
44
273
50
67
351
337
83
404
79
322
425
30
197
178
394
491
458
469
